
residuals x 1000
      1.69     1.80     1.61         7   4   1
      1.81     2.54     1.58         8   5   2
      1.67     2.52     2.75         9   6   3
met laser residuals
     -6.20     3.62     8.27         7   4   1
     -6.46     3.62     2.07         8   5   2
      0.78     2.07     1.29         9   6   3
met laser relative
     -9.82     0.00     4.65         7   4   1
    -10.08     0.00    -1.55         8   5   2
     -2.84    -1.55    -2.33         9   6   3
 FOV   "a"       "b"     dmin     wmin      wfov
  1   1.000   -0.0006   0.0016     8.27   774.0903 
  2   0.994    0.0046   0.0016     2.07   774.0855 
  3   1.009   -0.0090   0.0027     1.29   774.0849 
  4   1.001   -0.0014   0.0018     3.62   774.0867 
  5   0.956    0.0409   0.0025     3.62   774.0867 
  6   1.008   -0.0095   0.0025     2.07   774.0855 
  7   1.012   -0.0116   0.0017    -6.20   774.0791 
  8   1.000   -0.0005   0.0018    -6.46   774.0789 
  9   1.002   -0.0042   0.0017     0.78   774.0845 

