
residuals x 1000
      5.53     1.84     5.78         7   4   1
      2.09     2.77     1.61         8   5   2
      5.92     3.02     5.08         9   6   3
met laser residuals, ppm
     -2.33     4.01     8.15         7   4   1
     -2.20     4.92     8.15         8   5   2
      0.39     6.47    11.12         9   6   3
met laser relative, ppm
     -7.24    -0.91     3.23         7   4   1
     -7.11     0.00     3.23         8   5   2
     -4.53     1.55     6.21         9   6   3
 FOV   "a"       "b"     dmin     wmin      wfov
  1   1.003    0.0061   0.0058     8.15   773.1260 
  2   0.997    0.0109   0.0016     8.15   773.1260 
  3   0.996    0.0105   0.0051    11.12   773.1283 
  4   0.999    0.0094   0.0018     4.01   773.1228 
  5   0.992    0.0150   0.0028     4.92   773.1235 
  6   1.001    0.0063   0.0030     6.47   773.1247 
  7   1.003    0.0041   0.0055    -2.33   773.1179 
  8   1.005    0.0029   0.0021    -2.20   773.1180 
  9   1.005    0.0028   0.0059     0.39   773.1200 

eng neon=703.43586 assigned neon=703.44765, wlaser=773.11974

