
residuals x 1000
      3.26     3.19     2.61         7   4   1
      2.79     2.36     3.42         8   5   2
      2.40     2.52     2.56         9   6   3
met laser residuals, ppm
     -4.40     1.04     5.96         7   4   1
     -4.40     4.15     7.77         8   5   2
     -0.26     6.22     9.59         9   6   3
met laser relative, ppm
     -8.55    -3.11     1.81         7   4   1
     -8.55     0.00     3.63         8   5   2
     -4.40     2.07     5.44         9   6   3
 FOV   "a"       "b"     dmin     wmin      wfov
  1   0.968    0.0293   0.0026     5.96   771.9751 
  2   0.977    0.0220   0.0034     7.77   771.9765 
  3   0.960    0.0355   0.0026     9.59   771.9779 
  4   0.967    0.0290   0.0032     1.04   771.9713 
  5   0.955    0.0396   0.0024     4.15   771.9737 
  6   0.960    0.0357   0.0025     6.22   771.9753 
  7   0.966    0.0292   0.0033    -4.40   771.9671 
  8   0.974    0.0231   0.0028    -4.40   771.9671 
  9   0.960    0.0346   0.0024    -0.26   771.9703 

eng neon=703.43586 assigned neon=703.44765, wlaser=771.97047

