
residuals x 1000
      3.74     3.39     4.65         7   4   1
      3.56     4.67     4.28         8   5   2
      4.25     4.78     4.50         9   6   3
met laser residuals, ppm
      2.06     9.55    14.96         7   4   1
      1.55     9.29    11.87         8   5   2
      1.29     8.00    14.19         9   6   3
met laser relative, ppm
     -7.22     0.26     5.68         7   4   1
     -7.74     0.00     2.58         8   5   2
     -8.00    -1.29     4.90         9   6   3
 FOV   "a"       "b"     dmin     wmin      wfov
  1   0.913    0.0932   0.0047    14.96   775.2193 
  2   0.911    0.0954   0.0043    11.87   775.2169 
  3   0.913    0.0943   0.0045    14.19   775.2187 
  4   0.906    0.0962   0.0034     9.55   775.2151 
  5   0.913    0.0907   0.0047     9.29   775.2149 
  6   0.913    0.0923   0.0048     8.00   775.2139 
  7   0.911    0.0919   0.0037     2.06   775.2093 
  8   0.911    0.0913   0.0036     1.55   775.2089 
  9   0.912    0.0904   0.0042     1.29   775.2087 

eng neon=703.43586 assigned neon=703.44765, wlaser=775.20773

