
residuals x 1000
      1.97     1.82     2.73         7   4   1
      2.06     2.37     2.20         8   5   2
      3.03     2.98     3.19         9   6   3
met laser residuals, ppm
     -2.20     5.94    11.37         7   4   1
     -2.97     5.42     8.65         8   5   2
     -3.62     3.62    10.20         9   6   3
met laser relative, ppm
     -7.62     0.52     5.94         7   4   1
     -8.40     0.00     3.23         8   5   2
     -9.04    -1.81     4.78         9   6   3
 FOV   "a"       "b"     dmin     wmin      wfov
  1   0.975    0.0032   0.0027    11.37   774.2344 
  2   0.975    0.0058   0.0022     8.65   774.2323 
  3   0.976    0.0060   0.0032    10.20   774.2335 
  4   0.968    0.0068   0.0018     5.94   774.2302 
  5   0.964    0.0144   0.0024     5.42   774.2298 
  6   0.982   -0.0013   0.0030     3.62   774.2284 
  7   0.976   -0.0037   0.0020    -2.20   774.2239 
  8   0.975    0.0052   0.0021    -2.97   774.2233 
  9   0.982   -0.0017   0.0030    -3.62   774.2228 

eng neon=703.43586 assigned neon=703.44765, wlaser=774.22556

