
residuals x 1000
      3.31     5.03     2.98         7   4   1
      5.14     3.79     5.10         8   5   2
      3.47     5.14     3.13         9   6   3
met laser residuals, ppm
      2.97     5.82    11.25         7   4   1
      2.20     4.53     9.70         8   5   2
      5.56     7.76    12.03         9   6   3
met laser relative, ppm
     -1.55     1.29     6.73         7   4   1
     -2.33     0.00     5.17         8   5   2
      1.03     3.23     7.50         9   6   3
 FOV   "a"       "b"     dmin     wmin      wfov
  1   0.989    0.0126   0.0030    11.25   773.1285 
  2   0.991    0.0104   0.0051     9.70   773.1273 
  3   0.989    0.0126   0.0031    12.03   773.1291 
  4   0.993    0.0082   0.0050     5.82   773.1243 
  5   0.989    0.0122   0.0038     4.53   773.1233 
  6   0.994    0.0070   0.0051     7.76   773.1258 
  7   0.992    0.0092   0.0033     2.97   773.1221 
  8   0.997    0.0042   0.0051     2.20   773.1215 
  9   0.987    0.0136   0.0035     5.56   773.1241 

eng neon=703.43586 assigned neon=703.44765, wlaser=773.11979
