
residuals x 1000
      9.90     9.97    10.01         7   4   1
      9.97    10.04     9.97         8   5   2
     10.11    10.00    10.04         9   6   3
met laser residuals
     -2.58     4.39    11.37         7   4   1
     -3.88     3.62     2.84         8   5   2
      6.72     4.65     4.65         9   6   3
met laser relative
     -6.20     0.78     7.75         7   4   1
     -7.49     0.00    -0.78         8   5   2
      3.10     1.03     1.03         9   6   3
 FOV   "a"       "b"     dmin     wmin      wfov
  1   1.000   -0.0002   0.0100    11.37   774.0927 
  2   1.000   -0.0009   0.0100     2.84   774.0861 
  3   1.002   -0.0023   0.0100     4.65   774.0875 
  4   0.998   -0.0002   0.0100     4.39   774.0873 
  5   0.979    0.0117   0.0100     3.62   774.0867 
  6   1.004   -0.0044   0.0100     4.65   774.0875 
  7   1.002   -0.0032   0.0099    -2.58   774.0819 
  8   1.000   -0.0020   0.0100    -3.88   774.0809 
  9   1.004   -0.0049   0.0101     6.72   774.0891 

