
residuals x 1000
      2.94     4.06     2.91         7   4   1
      3.96     3.12     4.19         8   5   2
      2.92     4.06     2.92         9   6   3
met laser residuals, ppm
      0.65     3.49     8.15         7   4   1
      0.26     5.56     8.02         8   5   2
      3.36     7.24    11.90         9   6   3
met laser relative, ppm
     -4.92    -2.07     2.59         7   4   1
     -5.30     0.00     2.46         8   5   2
     -2.20     1.68     6.34         9   6   3
 FOV   "a"       "b"     dmin     wmin      wfov
  1   0.986    0.0143   0.0029     8.15   773.1261 
  2   0.990    0.0109   0.0042     8.02   773.1260 
  3   0.986    0.0136   0.0029    11.90   773.1290 
  4   0.991    0.0099   0.0041     3.49   773.1225 
  5   0.988    0.0121   0.0031     5.56   773.1241 
  6   0.991    0.0094   0.0041     7.24   773.1254 
  7   0.989    0.0114   0.0029     0.65   773.1203 
  8   0.990    0.0108   0.0040     0.26   773.1200 
  9   0.989    0.0113   0.0029     3.36   773.1224 

eng neon=703.43586 assigned neon=703.44765, wlaser=773.11984

