
residuals x 1000
      2.17     5.04     2.05         7   4   1
      4.96     2.81     5.15         8   5   2
      2.22     4.97     2.13         9   6   3
met laser residuals, ppm
      1.94     6.07    11.75         7   4   1
      0.26     7.23     9.69         8   5   2
      1.42     6.46    11.62         9   6   3
met laser relative, ppm
     -5.30    -1.16     4.52         7   4   1
     -6.97     0.00     2.45         8   5   2
     -5.81    -0.77     4.39         9   6   3
 FOV   "a"       "b"     dmin     wmin      wfov
  1   0.991    0.0122   0.0020    11.75   774.2338 
  2   0.994    0.0087   0.0051     9.69   774.2322 
  3   0.992    0.0108   0.0021    11.62   774.2337 
  4   0.994    0.0080   0.0050     6.07   774.2294 
  5   0.992    0.0101   0.0028     7.23   774.2303 
  6   0.995    0.0073   0.0050     6.46   774.2297 
  7   0.992    0.0096   0.0022     1.94   774.2262 
  8   0.995    0.0071   0.0050     0.26   774.2249 
  9   0.992    0.0103   0.0022     1.42   774.2258 

eng neon=703.43586 assigned neon=703.44765, wlaser=774.22465

