
residuals x 1000
      3.88     2.69     4.37         7   4   1
      2.39     1.72     2.83         8   5   2
      4.73     2.39     4.87         9   6   3
met laser residuals
     -0.52     4.39    13.18         7   4   1
     -6.72     3.10     3.36         8   5   2
      7.23     3.10     4.13         9   6   3
met laser relative
     -3.62     1.29    10.08         7   4   1
     -9.82     0.00     0.26         8   5   2
      4.13     0.00     1.03         9   6   3
 FOV   "a"       "b"     dmin     wmin      wfov
  1   0.993    0.0125   0.0044    13.18   774.0941 
  2   1.003    0.0020   0.0028     3.36   774.0865 
  3   0.997    0.0079   0.0049     4.13   774.0871 
  4   1.001    0.0014   0.0027     4.39   774.0873 
  5   0.992    0.0090   0.0017     3.10   774.0863 
  6   0.997    0.0038   0.0024     3.10   774.0863 
  7   0.999    0.0011   0.0039    -0.52   774.0835 
  8   1.005   -0.0056   0.0024    -6.72   774.0787 
  9   0.985    0.0129   0.0047     7.23   774.0895 

