
residuals x 1000
      3.45     5.48     3.03         7   4   1
      5.80     4.15     5.59         8   5   2
      3.53     5.67     3.06         9   6   3
met laser residuals, ppm
      3.62     8.27    14.72         7   4   1
      1.81     5.68    12.14         8   5   2
      3.62     7.23    12.66         9   6   3
met laser relative, ppm
     -2.07     2.58     9.04         7   4   1
     -3.87     0.00     6.46         8   5   2
     -2.07     1.55     6.97         9   6   3
 FOV   "a"       "b"     dmin     wmin      wfov
  1   0.903    0.1007   0.0030    14.72   774.2359 
  2   0.905    0.0974   0.0056    12.14   774.2339 
  3   0.899    0.1001   0.0031    12.66   774.2343 
  4   0.907    0.0977   0.0055     8.27   774.2309 
  5   0.905    0.0987   0.0042     5.68   774.2289 
  6   0.907    0.0941   0.0057     7.23   774.2301 
  7   0.908    0.0947   0.0034     3.62   774.2273 
  8   0.912    0.0913   0.0058     1.81   774.2259 
  9   0.904    0.0972   0.0035     3.62   774.2273 

eng neon=703.43586 assigned neon=703.44765, wlaser=774.22453

