
residuals x 1000
      3.09     4.02     2.85         7   4   1
      4.04     2.30     4.15         8   5   2
      3.16     4.13     2.96         9   6   3
met laser residuals, ppm
      1.94     4.40    10.36         7   4   1
      1.68     4.40     8.81         8   5   2
      6.22     7.77    12.18         9   6   3
met laser relative, ppm
     -2.46     0.00     5.96         7   4   1
     -2.72     0.00     4.40         8   5   2
      1.81     3.37     7.77         9   6   3
 FOV   "a"       "b"     dmin     wmin      wfov
  1   0.972    0.0128   0.0029    10.36   771.9785 
  2   0.976    0.0088   0.0041     8.81   771.9773 
  3   0.973    0.0116   0.0030    12.18   771.9799 
  4   0.980    0.0044   0.0040     4.40   771.9739 
  5   0.973    0.0107   0.0023     4.40   771.9739 
  6   0.979    0.0056   0.0041     7.77   771.9765 
  7   0.978    0.0059   0.0031     1.94   771.9720 
  8   0.981    0.0027   0.0040     1.68   771.9718 
  9   0.972    0.0118   0.0032     6.22   771.9753 

eng neon=703.43586 assigned neon=703.44765, wlaser=771.97050

