residuals x 1000
      3.09     2.58     2.97         7   4   1
      2.49     2.74     2.61         8   5   2
      3.11     2.61     3.10         9   6   3
met laser residuals, ppm
     -0.65     2.59     7.77         7   4   1
      0.65     5.18     8.42         8   5   2
      5.18     9.07    13.60         9   6   3
met laser relative, ppm
     -5.83    -2.59     2.59         7   4   1
     -4.53     0.00     3.24         8   5   2
      0.00     3.89     8.42         9   6   3
 FOV   "a"       "b"     dmin     wmin      wfov
  1   1.035    0.0135   0.0030     7.77   771.9764 
  2   1.040    0.0115   0.0026     8.42   771.9769 
  3   1.041    0.0130   0.0031    13.60   771.9809 
  4   1.036    0.0115   0.0026     2.59   771.9724 
  5   1.038    0.0127   0.0027     5.18   771.9744 
  6   1.043    0.0107   0.0026     9.07   771.9774 
  7   1.035    0.0119   0.0031    -0.65   771.9699 
  8   1.038    0.0128   0.0025     0.65   771.9709 
  9   1.041    0.0118   0.0031     5.18   771.9744 
