
residuals x 1000
      2.26     2.97     2.04         7   4   1
      2.35     4.80     2.93         8   5   2
      1.38     3.00     1.51         9   6   3
met laser residuals, ppm
     -1.42     5.17    11.63         7   4   1
     -0.78     7.11    11.24         8   5   2
      0.52     8.91    14.08         9   6   3
met laser relative, ppm
     -8.53    -1.94     4.52         7   4   1
     -7.88     0.00     4.13         8   5   2
     -6.59     1.81     6.98         9   6   3
 FOV   "a"       "b"     dmin     wmin      wfov
  1   0.993    0.0059   0.0020    11.63   773.9890 
  2   0.993    0.0070   0.0029    11.24   773.9887 
  3   0.991    0.0079   0.0015    14.08   773.9909 
  4   0.984    0.0140   0.0030     5.17   773.9840 
  5   0.994    0.0065   0.0048     7.11   773.9855 
  6   0.987    0.0123   0.0030     8.91   773.9869 
  7   1.002   -0.0010   0.0023    -1.42   773.9789 
  8   0.988    0.0105   0.0023    -0.78   773.9794 
  9   0.988    0.0102   0.0014     0.52   773.9804 

eng neon=703.43586 assigned neon=703.44765, wlaser=773.98002

